V 54
K 1
D 0 -4826000 3048000 0
Y 1
U 2667000 762000 254000 0 2 3 REFDES=IC?
U 2667000 508000 254000 0 2 3 DEVICE=W65C02S6TPG-14
U 2667000 254000 254000 0 2 0 PKG_TYPE=DIP1524W56P254L5207H508Q40N
U 2667000 0 254000 0 2 0 Description=Microprocessors - MPU 8-bit Microprocessor
U 2667000 -254000 254000 0 2 0 Datasheet Link=https://componentsearchengine.com/Datasheets/1/W65C02S6TPG-14.pdf
U 2667000 -508000 254000 0 2 0 Height=5.08
U 2667000 -762000 254000 0 2 0 Mouser Part Number=955-W65C02S6TPG-14
U 2667000 -1016000 254000 0 2 0 Mouser Price/Stock=https://www.mouser.co.uk/ProductDetail/Western-Design-Center-WDC/W65C02S6TPG-14?qs=opBjA1TV903lvWo9AEKH5w%3D%3D
U 2667000 -1270000 254000 0 2 0 Manufacturer_Name=Western Design Center (WDC)
U 2667000 -1524000 254000 0 2 0 Manufacturer_Part_Number=W65C02S6TPG-14
U 0 0 254000 0 1 0 FORWARD_PCB=1
l 5 508000 254000 2540000 254000 2540000 -5080000 508000 -5080000 508000 254000
|GRPHSTL -1 -1 -1 1
P 1 0 0 508000 0 0 2 0
L 584200 0 228600 0 2 0 1 0 VPB
A 355600 50800 203200 0 9 3 #=1
A 0 0 9 0 3 0 PINTYPE=BI
P 2 0 -254000 508000 -254000 0 2 0
L 584200 -254000 228600 0 2 0 1 0 RDY
A 355600 -203200 203200 0 9 3 #=2
A 0 0 9 0 3 0 PINTYPE=BI
P 3 0 -508000 508000 -508000 0 2 0
L 584200 -508000 228600 0 2 0 1 0 PHI1O
A 355600 -457200 203200 0 9 3 #=3
A 0 0 9 0 3 0 PINTYPE=BI
P 4 0 -762000 508000 -762000 0 2 0
L 584200 -762000 228600 0 2 0 1 0 IRQB
A 355600 -711200 203200 0 9 3 #=4
A 0 0 9 0 3 0 PINTYPE=IN
P 5 0 -1016000 508000 -1016000 0 2 0
L 584200 -1016000 228600 0 2 0 1 0 MLB
A 355600 -965200 203200 0 9 3 #=5
A 0 0 9 0 3 0 PINTYPE=BI
P 6 0 -1270000 508000 -1270000 0 2 0
L 584200 -1270000 228600 0 2 0 1 0 NMIB
A 355600 -1219200 203200 0 9 3 #=6
A 0 0 9 0 3 0 PINTYPE=IN
P 7 0 -1524000 508000 -1524000 0 2 0
L 584200 -1524000 228600 0 2 0 1 0 SYNC
A 355600 -1473200 203200 0 9 3 #=7
A 0 0 9 0 3 0 PINTYPE=OUT
P 8 0 -1778000 508000 -1778000 0 2 0
L 584200 -1778000 228600 0 2 0 1 0 VDD
A 355600 -1727200 203200 0 9 3 #=8
A 0 0 9 0 3 0 PINTYPE=POWER
P 9 0 -2032000 508000 -2032000 0 2 0
L 584200 -2032000 228600 0 2 0 1 0 A0
A 355600 -1981200 203200 0 9 3 #=9
A 0 0 9 0 3 0 PINTYPE=OUT
P 10 0 -2286000 508000 -2286000 0 2 0
L 584200 -2286000 228600 0 2 0 1 0 A1
A 355600 -2235200 203200 0 9 3 #=10
A 0 0 9 0 3 0 PINTYPE=OUT
P 11 0 -2540000 508000 -2540000 0 2 0
L 584200 -2540000 228600 0 2 0 1 0 A2
A 355600 -2489200 203200 0 9 3 #=11
A 0 0 9 0 3 0 PINTYPE=OUT
P 12 0 -2794000 508000 -2794000 0 2 0
L 584200 -2794000 228600 0 2 0 1 0 A3
A 355600 -2743200 203200 0 9 3 #=12
A 0 0 9 0 3 0 PINTYPE=OUT
P 13 0 -3048000 508000 -3048000 0 2 0
L 584200 -3048000 228600 0 2 0 1 0 A4
A 355600 -2997200 203200 0 9 3 #=13
A 0 0 9 0 3 0 PINTYPE=OUT
P 14 0 -3302000 508000 -3302000 0 2 0
L 584200 -3302000 228600 0 2 0 1 0 A5
A 355600 -3251200 203200 0 9 3 #=14
A 0 0 9 0 3 0 PINTYPE=OUT
P 15 0 -3556000 508000 -3556000 0 2 0
L 584200 -3556000 228600 0 2 0 1 0 A6
A 355600 -3505200 203200 0 9 3 #=15
A 0 0 9 0 3 0 PINTYPE=OUT
P 16 0 -3810000 508000 -3810000 0 2 0
L 584200 -3810000 228600 0 2 0 1 0 A7
A 355600 -3759200 203200 0 9 3 #=16
A 0 0 9 0 3 0 PINTYPE=OUT
P 17 0 -4064000 508000 -4064000 0 2 0
L 584200 -4064000 228600 0 2 0 1 0 A8
A 355600 -4013200 203200 0 9 3 #=17
A 0 0 9 0 3 0 PINTYPE=OUT
P 18 0 -4318000 508000 -4318000 0 2 0
L 584200 -4318000 228600 0 2 0 1 0 A9
A 355600 -4267200 203200 0 9 3 #=18
A 0 0 9 0 3 0 PINTYPE=OUT
P 19 0 -4572000 508000 -4572000 0 2 0
L 584200 -4572000 228600 0 2 0 1 0 A10
A 355600 -4521200 203200 0 9 3 #=19
A 0 0 9 0 3 0 PINTYPE=OUT
P 20 0 -4826000 508000 -4826000 0 2 0
L 584200 -4826000 228600 0 2 0 1 0 A11
A 355600 -4775200 203200 0 9 3 #=20
A 0 0 9 0 3 0 PINTYPE=OUT
P 21 3048000 0 2540000 0 0 3 0
L 2463800 0 228600 0 8 0 1 0 RESB
A 2692400 50800 203200 0 3 3 #=40
A 0 0 9 0 3 0 PINTYPE=IN
P 22 3048000 -254000 2540000 -254000 0 3 0
L 2463800 -254000 228600 0 8 0 1 0 PHI2O
A 2692400 -203200 203200 0 3 3 #=39
A 0 0 9 0 3 0 PINTYPE=BI
P 23 3048000 -508000 2540000 -508000 0 3 0
L 2463800 -508000 228600 0 8 0 1 0 SOB
A 2692400 -457200 203200 0 3 3 #=38
A 0 0 9 0 3 0 PINTYPE=BI
P 24 3048000 -762000 2540000 -762000 0 3 0
L 2463800 -762000 228600 0 8 0 1 0 PHI2
A 2692400 -711200 203200 0 3 3 #=37
A 0 0 9 0 3 0 PINTYPE=BI
P 25 3048000 -1016000 2540000 -1016000 0 3 0
L 2463800 -1016000 228600 0 8 0 1 0 BE
A 2692400 -965200 203200 0 3 3 #=36
A 0 0 9 0 3 0 PINTYPE=BI
P 26 3048000 -1270000 2540000 -1270000 0 3 0
L 2463800 -1270000 228600 0 8 0 1 0 NC
A 2692400 -1219200 203200 0 3 3 #=35
A 0 0 9 0 3 0 PINTYPE=BI
P 27 3048000 -1524000 2540000 -1524000 0 3 0
L 2463800 -1524000 228600 0 8 0 1 0 RWB
A 2692400 -1473200 203200 0 3 3 #=34
A 0 0 9 0 3 0 PINTYPE=OUT
P 28 3048000 -1778000 2540000 -1778000 0 3 0
L 2463800 -1778000 228600 0 8 0 1 0 D0
A 2692400 -1727200 203200 0 3 3 #=33
A 0 0 9 0 3 0 PINTYPE=OUT
P 29 3048000 -2032000 2540000 -2032000 0 3 0
L 2463800 -2032000 228600 0 8 0 1 0 D1
A 2692400 -1981200 203200 0 3 3 #=32
A 0 0 9 0 3 0 PINTYPE=OUT
P 30 3048000 -2286000 2540000 -2286000 0 3 0
L 2463800 -2286000 228600 0 8 0 1 0 D2
A 2692400 -2235200 203200 0 3 3 #=31
A 0 0 9 0 3 0 PINTYPE=OUT
P 31 3048000 -2540000 2540000 -2540000 0 3 0
L 2463800 -2540000 228600 0 8 0 1 0 D3
A 2692400 -2489200 203200 0 3 3 #=30
A 0 0 9 0 3 0 PINTYPE=OUT
P 32 3048000 -2794000 2540000 -2794000 0 3 0
L 2463800 -2794000 228600 0 8 0 1 0 D4
A 2692400 -2743200 203200 0 3 3 #=29
A 0 0 9 0 3 0 PINTYPE=OUT
P 33 3048000 -3048000 2540000 -3048000 0 3 0
L 2463800 -3048000 228600 0 8 0 1 0 D5
A 2692400 -2997200 203200 0 3 3 #=28
A 0 0 9 0 3 0 PINTYPE=OUT
P 34 3048000 -3302000 2540000 -3302000 0 3 0
L 2463800 -3302000 228600 0 8 0 1 0 D6
A 2692400 -3251200 203200 0 3 3 #=27
A 0 0 9 0 3 0 PINTYPE=OUT
P 35 3048000 -3556000 2540000 -3556000 0 3 0
L 2463800 -3556000 228600 0 8 0 1 0 D7
A 2692400 -3505200 203200 0 3 3 #=26
A 0 0 9 0 3 0 PINTYPE=OUT
P 36 3048000 -3810000 2540000 -3810000 0 3 0
L 2463800 -3810000 228600 0 8 0 1 0 A15
A 2692400 -3759200 203200 0 3 3 #=25
A 0 0 9 0 3 0 PINTYPE=OUT
P 37 3048000 -4064000 2540000 -4064000 0 3 0
L 2463800 -4064000 228600 0 8 0 1 0 A14
A 2692400 -4013200 203200 0 3 3 #=24
A 0 0 9 0 3 0 PINTYPE=OUT
P 38 3048000 -4318000 2540000 -4318000 0 3 0
L 2463800 -4318000 228600 0 8 0 1 0 A13
A 2692400 -4267200 203200 0 3 3 #=23
A 0 0 9 0 3 0 PINTYPE=OUT
P 39 3048000 -4572000 2540000 -4572000 0 3 0
L 2463800 -4572000 228600 0 8 0 1 0 A12
A 2692400 -4521200 203200 0 3 3 #=22
A 0 0 9 0 3 0 PINTYPE=OUT
P 40 3048000 -4826000 2540000 -4826000 0 3 0
L 2463800 -4826000 228600 0 8 0 1 0 VSS
A 2692400 -4775200 203200 0 3 3 #=21
A 0 0 9 0 3 0 PINTYPE=GROUND
E
